Macro-F1:   0.043502
Micro-F1:   0.350311
Weighted-F1:0.271827
Accuracy:   0.350311
