Macro-F1:   0.012014
Micro-F1:   0.254568
Weighted-F1:0.135944
Accuracy:   0.254568
