Macro-F1:   0.577209
Micro-F1:   0.764817
Weighted-F1:0.783750
Accuracy:   0.764817
